ID,a,Country,Sector,Name,Market Price,Market Price,Market Price,Market Price,P/E,P/E,P/E,P/E,ROE,ROE,ROE,ROE,EPS growth,EPS growth,EPS growth,EV/EBITDA,EV/EBITDA,EV/EBITDA,EV/EBITDA,ROIC,ROIC,ROIC,ROIC,EBITDA growth,EBITDA growth,EBITDA growth,Tasas Dcto.,Tasas Dcto.
,s,Issuer_Country,,,Cur,Tgt,Up(%),Rec,Hist,LTM,2019,2020,Hist ,LTM ,2019 ,2020 ,Hist ,2019 ,2020 ,Hist  ,LTM  ,2019  ,2020  ,Hist   ,LTM   ,2019   ,2020   ,Hist    ,2019    ,2020    ,Re,WACC
0,1,Chile,Communication Services,ENTEL,6740.0,9721.5,44.2,Hold,32.8,40.0,33.0,19.5,5.9,,4.4,7.0,-1.5,100.0,69.0,6.8,,6.9,6.2,4.0,,4.4,5.6,3.5,21.8,12.4,8.5,7.1
1,0,Chile,Consumer Discretionary,ENJOY,36.7,37.2,1.6,Sell,40.0,40.0,40.0,40.0,1.3,-9.7,-4.1,-0.8,-22.8,100.0,100.0,9.3,9.0,8.6,8.2,4.7,,10.3,11.4,4.7,-8.4,14.6,11.4,8.7
2,0,Chile,Consumer Discretionary,FALABELLA,4253.2,7552.0,77.6,Hold,25.6,25.5,32.6,30.1,11.4,-105.5,18.7,13.8,3.5,-33.6,8.1,15.0,11.5,13.6,13.4,8.0,17.9,9.7,8.3,7.2,-12.8,4.7,9.0,7.2
3,0,Chile,Consumer Discretionary,FORUS,1579.9,2316.1,46.6,Sell,18.7,13.8,14.5,20.3,21.0,12.5,12.8,9.0,5.2,9.6,-28.5,6.5,11.8,8.8,8.4,38.1,4.4,10.0,10.5,9.4,17.4,9.2,7.7,7.5
4,0,Chile,Consumer Discretionary,HITES,449.1,686.3,52.8,Buy,11.7,25.7,15.7,11.3,10.4,5.2,7.5,9.9,9.6,29.8,39.2,7.4,10.7,8.4,7.0,7.8,4.0,4.6,5.6,7.1,46.5,13.5,9.6,7.8
5,0,Chile,Consumer Discretionary,MANQUEHUE,200.0,299.0,49.5,Hold,13.1,13.1,16.0,20.6,2.1,4.5,3.6,2.8,98.0,96.1,-22.5,,,16.6,23.8,0.5,,2.8,1.8,100.0,100.0,-31.7,8.4,6.1
6,0,Chile,Consumer Discretionary,PAZ,1136.3,1804.4,58.8,Buy,12.5,11.8,13.4,11.9,13.2,14.5,12.6,13.1,35.3,8.5,13.2,9.8,,15.7,14.1,7.3,,5.8,6.3,32.5,-0.6,14.1,8.9,6.5
7,0,Chile,Consumer Discretionary,RIPLEY,522.8,797.7,52.6,Buy,16.5,16.2,10.3,17.7,6.0,6.5,9.1,5.2,6.2,41.7,-42.1,13.4,16.4,16.0,14.1,3.0,2.5,2.8,3.3,8.7,18.3,11.6,17.0,6.7
8,0,Chile,Consumer Discretionary,SOCOVESA,375.2,520.0,38.6,Buy,13.2,13.2,15.1,11.5,10.2,10.0,8.3,10.2,6.1,-15.8,30.5,13.6,,17.0,13.4,5.0,,4.6,5.5,7.4,22.9,25.1,8.8,6.4
9,1,Chile,Consumer Discretionary,TRICOT,753.0,956.8,27.1,Sell,22.4,22.4,26.6,18.2,13.0,11.0,8.5,11.3,-10.6,-27.2,46.1,10.8,3.0,9.3,7.1,12.4,,9.0,11.9,-2.2,14.0,24.8,9.4,7.6
10,0,Chile,Consumer Staples,ANDINA,2460.4,3316.3,34.8,Buy,22.3,21.1,22.0,20.4,11.0,12.7,11.4,11.7,2.2,9.7,7.5,9.1,9.2,9.4,8.8,10.0,9.9,9.2,9.3,8.2,-2.6,5.4,11.6,8.8
11,0,Chile,Consumer Staples,BLUMAR,275.0,348.1,26.6,Hold,27.9,,,,7.3,8.5,5.0,12.2,-49.6,-58.4,100.0,8.4,,,,5.2,8.3,4.2,9.0,-5.4,-51.1,90.8,10.3,8.2
12,0,Chile,Consumer Staples,CAMANCHACA,58.2,88.1,51.4,Buy,30.7,21.3,10.2,10.0,0.2,3.3,6.7,6.3,14.3,5.7,1.3,14.2,7.2,5.9,5.7,1.9,6.4,8.2,8.3,31.2,-6.2,6.5,10.2,8.1
13,0,Chile,Consumer Staples,CCU,8370.0,10750.9,28.4,Hold,19.7,20.5,23.1,21.4,11.1,10.8,10.3,10.5,-0.4,-56.3,8.0,9.8,6.4,10.0,9.3,12.6,18.7,9.9,10.1,9.4,-43.5,6.2,11.1,10.5
14,0,Chile,Consumer Staples,CENCOSUD,1228.2,1033.5,-15.8,Sell,20.6,13.1,11.0,25.2,6.9,5.7,6.3,2.7,6.0,66.9,-56.4,11.6,9.6,9.5,9.2,4.9,4.2,4.0,4.1,6.0,4.2,1.9,12.3,8.6
15,0,Chile,Consumer Staples,CONCHATORO,1499.9,1995.9,33.1,Buy,20.3,23.1,19.0,16.6,9.1,8.2,9.7,10.5,7.0,20.2,14.2,15.5,16.0,12.9,10.7,5.7,4.8,6.4,7.7,-1.8,30.3,18.8,8.7,6.9
16,0,Chile,Consumer Staples,EMBONOR,1360.0,2108.3,55.0,Buy,17.2,15.1,14.6,14.8,11.8,12.3,12.2,11.7,4.4,7.9,-1.2,8.6,7.9,7.5,7.3,9.0,9.0,9.0,8.9,4.8,4.9,2.9,9.8,8.2
17,0,Chile,Consumer Staples,HF,1799.0,2180.4,21.2,Hold,25.6,20.9,20.9,19.0,8.8,12.3,12.3,9.9,18.2,12.9,10.2,14.1,17.4,17.4,11.5,6.8,4.4,4.4,7.2,11.7,-22.9,41.2,8.1,6.6
18,0,Chile,Consumer Staples,MULTIFOODS,355.0,490.7,38.2,Buy,18.3,12.1,12.6,11.5,12.7,15.5,14.9,16.0,34.8,-0.3,10.2,11.6,6.7,6.7,6.4,7.9,17.0,15.9,16.8,36.4,2.9,7.5,10.0,8.0
19,0,Chile,Consumer Staples,SALMOCAM,5200.4,7511.5,44.4,Buy,15.5,17.0,10.2,9.7,23.9,14.9,19.7,18.7,21.4,5.2,5.2,7.8,7.8,7.2,6.8,15.5,15.5,14.3,14.2,26.3,-7.7,7.0,10.2,8.1
20,0,Chile,Consumer Staples,SMU,179.0,300.1,67.7,Buy,40.0,32.0,33.2,25.8,-3.9,4.6,4.4,5.4,100.0,-6.7,28.3,11.1,,9.4,8.5,0.2,,5.0,5.5,23.6,2.1,5.2,9.7,7.1
21,0,Chile,Consumer Staples,VSPT,6.7,10.2,52.1,Buy,13.9,14.2,11.7,10.3,7.6,8.0,9.6,10.3,14.0,55.6,13.2,7.8,9.4,7.6,6.1,6.2,6.2,7.7,9.5,12.4,24.3,21.9,7.9,6.9
22,1,Chile,Consumer Staples,WATTS,1059.7,1487.1,40.3,Hold,14.6,21.2,14.4,12.3,11.3,7.6,10.2,11.2,13.6,37.8,17.3,9.3,10.5,8.8,8.0,8.0,7.0,7.8,8.1,10.4,21.4,7.1,9.4,7.3
23,0,Chile,Energy,COPEC,7269.9,7989.4,9.9,,21.4,12.1,27.1,22.2,7.3,,4.1,4.9,5.8,-57.2,22.0,11.2,,10.1,9.8,6.3,,3.2,3.7,6.2,-26.8,8.1,9.1,7.0
24,1,Chile,Energy,LIPIGAS,5526.8,5875.2,6.3,,15.0,40.0,10.8,10.6,27.5,,31.0,28.8,10.0,,2.3,8.7,,8.4,8.3,16.3,,16.6,15.5,12.6,100.0,4.2,7.2,5.8
25,0,Chile,Financials,BCI,46855.0,73331.6,56.5,Buy,12.3,,,,17.8,1.4,13.9,14.5,10.0,18.3,11.0,,,,,,,,,,,,8.2,
26,0,Colombia,Financials,Bancolombia,,52469.5,,,,,,,10.7,6.5,11.6,11.9,7.6,27.1,11.7,,,,,0.0,,,,,,,9.2,
27,0,Chile,Financials,CHILE,104.4,106.4,2.0,Sell,14.1,,,,21.4,17.5,18.1,17.2,6.4,5.6,1.2,,,,,,,,,,,,8.2,
28,0,Chile,Financials,ITAUCORP,5.7,8.8,54.1,Buy,15.9,,,,10.5,5.0,5.2,6.2,32.2,11.2,22.6,,,,,,,,,,,,8.3,
29,0,Chile,Financials,SANTANDER,52.1,60.7,16.4,Buy,16.1,,,,18.1,17.4,17.1,17.6,5.0,1.7,11.4,,,,,,,,,,,,8.2,
30,1,Chile,Financials,SECURITY,259.4,359.5,38.6,,11.9,12.1,9.4,8.9,11.2,9.8,12.6,12.3,10.0,26.6,5.1,,,,,,,,,,,,8.3,
31,0,Chile,Health Care,INDISA,2068.2,2930.6,41.7,Hold,20.7,22.9,21.6,19.5,19.8,16.5,,,7.0,-8.0,10.7,12.2,11.7,12.6,11.6,-3.0,,,,-5.2,-5.2,8.2,7.6,6.7
32,1,Chile,Health Care,LAS CONDES,39505.0,58138.4,47.2,Buy,31.6,40.0,40.0,34.7,6.7,4.8,,,6.6,46.2,38.2,14.3,14.3,13.7,12.5,4.2,,,,-2.4,3.9,8.5,8.2,6.6
33,0,Chile,Industrials,BESALCO,585.0,683.0,16.8,Hold,24.4,,,,7.8,8.7,7.1,10.0,4.1,1.8,52.7,11.9,,,,5.4,,3.4,5.2,0.3,3.7,26.2,12.9,7.6
34,0,Chile,Industrials,EISA,300.0,423.8,41.3,Hold,22.3,20.0,14.0,12.1,7.6,inf,10.4,11.1,82.2,19.0,15.7,16.8,,10.9,9.7,4.9,,5.8,6.8,50.8,25.3,17.1,8.9,7.9
35,0,Chile,Industrials,INGEVEC,94.5,145.3,53.7,Buy,12.4,12.7,12.4,9.6,13.5,inf,15.4,17.9,15.2,15.2,29.3,10.6,,13.4,11.8,8.3,,5.9,6.3,1.6,-8.8,11.1,10.8,7.1
36,0,Chile,Industrials,LTM,8530.1,8911.0,4.5,Buy,40.0,40.0,32.6,31.0,1.9,2.2,6.3,6.4,29.0,100.0,5.2,11.5,8.1,7.0,6.8,3.5,4.6,4.2,4.3,14.2,-0.8,1.2,10.1,8.2
37,0,Chile,Industrials,MOLLER,1045.0,1271.3,21.6,Hold,16.3,16.3,21.0,10.4,11.5,17.8,12.8,23.0,-11.4,-12.1,100.0,24.8,,27.6,11.6,3.2,,3.9,9.1,-0.2,-0.2,100.0,8.3,6.6
38,0,Chile,Industrials,SALFACORP,760.0,1166.8,53.5,Sell,13.4,0.0,0.0,0.0,7.0,7.1,6.9,7.7,5.2,7.8,17.8,13.6,,9.2,9.5,4.7,,2.6,2.7,-1.3,7.0,6.4,10.1,7.2
39,0,Chile,Industrials,SK,1179.0,1501.0,27.3,Hold,16.0,18.9,14.0,12.7,8.0,5.2,7.0,7.2,-1.2,53.4,9.8,9.3,40.0,40.0,40.0,6.9,4.8,6.3,7.1,5.8,22.8,15.6,9.8,7.5
40,0,Chile,Industrials,SMSAAM,64.0,80.4,25.6,Hold,13.9,14.1,14.5,11.4,6.9,6.5,6.0,8.6,7.3,18.7,27.0,6.6,7.0,6.5,6.0,8.6,4.7,4.9,5.9,9.5,9.5,25.5,9.3,7.0
41,0,Chile,Industrials,VAPORES,26.2,31.4,19.9,Hold,40.0,11.5,28.7,11.5,-0.9,5.4,2.1,5.0,100.0,100.0,100.0,40.0,40.0,40.0,40.0,-0.2,-0.3,-0.0,-0.0,-75.0,100.0,-100.0,8.3,6.6
42,1,Chile,Industrials,VENTANAS,196.0,204.6,4.4,Sell,15.1,13.5,14.5,14.5,12.0,14.2,11.6,11.3,4.9,4.5,-0.4,9.8,9.0,9.1,9.0,9.3,10.0,9.3,9.5,5.2,6.0,1.5,,
43,1,Chile,Information Technology,SONDA,915.0,1564.6,71.0,Buy,26.5,36.1,28.3,17.0,11.4,,5.5,8.7,10.9,100.0,66.2,11.7,,9.8,8.0,10.8,,5.9,7.5,4.8,4.6,32.3,9.0,7.4
44,0,Chile,Materials,CAP,6541.0,9521.3,45.6,Sell,14.7,,,,3.9,2.0,3.4,5.8,-13.9,-6.0,77.7,7.8,,,,6.1,4.0,5.4,8.3,-5.6,-4.0,37.1,10.5,8.7
45,0,Chile,Materials,CINTAC,385.0,560.8,45.7,Buy,15.3,25.8,37.8,36.3,7.8,4.4,3.0,3.0,0.0,-68.0,4.2,24.6,38.3,40.0,24.9,-2.2,5.1,3.1,7.0,-28.2,-28.2,87.3,8.2,6.7
46,0,Chile,Materials,CMPC,1855.9,1617.8,-12.8,,34.8,15.3,40.0,40.0,2.0,,0.8,1.2,-34.2,-86.6,47.7,10.0,,8.9,8.5,3.7,,1.8,1.8,3.9,-39.8,4.8,7.2,6.2
47,0,Chile,Materials,CRISTALES,5440.0,8406.9,54.5,Hold,11.7,,13.6,12.5,9.1,,7.1,7.3,5.5,-3.9,8.6,7.4,,7.2,6.7,-3.1,,6.5,6.7,2.5,2.5,8.0,7.4,6.4
48,0,Colombia,Materials,Cemargos,,4693.1,,,40.0,,,,2.8,0.0,3.0,3.2,22.3,43.6,6.6,,,,,2.9,,4.0,4.3,11.3,5.5,4.6,8.0,7.0
49,0,Chile,Materials,ENAEX,8130.0,10086.6,24.1,Hold,16.5,17.2,17.1,16.0,18.4,,12.6,13.0,3.0,1.8,7.2,10.2,,9.4,8.9,11.9,,9.7,10.1,2.0,1.0,4.8,10.1,7.7
50,0,Chile,Materials,MASISA,40.5,47.8,18.2,Buy,18.0,40.0,40.0,27.4,3.0,-32.8,1.3,2.5,4.6,100.0,89.7,6.4,14.3,15.9,13.7,5.6,,2.2,2.9,-7.6,-44.3,18.2,8.8,7.9
51,1,Chile,Materials,SQM,20620.0,26067.6,26.4,Hold,24.5,21.7,21.1,20.6,19.1,16.0,16.2,15.9,7.8,-19.8,2.3,11.4,11.4,11.8,10.4,10.1,9.8,11.0,13.3,-2.8,-19.1,11.0,9.9,7.5
52,0,Chile,Real Estate,CENCOSHOPP,1920.0,2432.7,26.7,Buy,,,,,16.8,,12.2,8.4,9.5,9.5,-26.4,,,,,10.4,,5.9,5.8,8.7,8.7,2.9,8.4,6.6
53,0,Chile,Real Estate,MALLPLAZA,1906.7,2369.1,24.2,Buy,28.6,33.2,33.4,32.0,6.0,6.0,5.5,5.7,3.5,-4.8,4.6,17.1,18.6,17.8,16.9,5.0,5.4,5.3,5.5,10.7,7.4,3.0,9.1,6.4
54,0,Chile,Real Estate,PARAUCO,2098.5,2752.6,31.2,Hold,15.8,18.6,16.4,14.8,8.4,9.5,9.2,10.3,4.3,-2.0,10.4,17.7,18.7,19.0,18.3,4.9,4.9,5.0,5.2,12.0,9.2,4.9,10.4,6.5
55,1,Chile,Real Estate,ZOFRI,749.4,1294.8,72.8,Buy,12.1,10.7,10.2,10.6,27.4,32.3,31.0,28.4,9.4,4.6,-3.8,9.9,8.4,7.9,8.0,17.7,22.5,21.2,19.3,4.6,1.1,-3.4,6.8,6.8
56,0,Chile,Utilities,AESGENER,162.1,211.0,30.1,Sell,15.0,,,,8.2,,10.2,9.3,-1.6,-1.7,-9.0,10.4,,,,6.0,,6.8,6.7,2.4,-2.1,2.0,8.2,6.9
57,0,Chile,Utilities,AGUAS,412.0,639.1,55.1,Hold,16.6,,,,17.9,,18.3,12.4,2.2,1.9,-27.2,10.5,,,,10.5,,10.5,8.1,3.5,4.5,-15.1,7.9,6.3
58,0,Chile,Utilities,COLBUN,139.6,135.9,-2.6,Sell,30.3,13.2,13.9,16.5,3.2,,6.2,5.3,12.0,0.4,-15.6,11.8,,6.0,6.3,4.8,,6.0,5.3,6.0,-0.9,-9.6,7.7,6.2
59,0,Chile,Utilities,ENELAM,139.1,190.1,36.7,Buy,15.5,,12.4,11.9,7.4,,9.7,9.4,-13.5,,3.8,6.2,,4.9,4.7,-2.7,,11.3,11.1,60.6,,2.2,12.0,10.1
60,0,Chile,Utilities,ENELGXCH,410.5,510.2,24.3,Hold,13.8,8.4,8.1,10.0,13.0,,19.4,15.0,-8.4,34.1,-19.1,9.0,,6.5,6.2,10.6,,12.1,12.4,-1.0,7.6,2.5,8.1,6.5
61,1,Chile,Utilities,ENGIE (EX ECL),1300.0,1717.1,32.1,Hold,17.5,17.7,10.8,8.3,5.0,,7.8,9.3,3.6,68.7,31.3,8.5,,5.6,4.8,4.9,,7.0,7.6,0.2,30.1,2.5,8.4,7.3
