ID,a,Country,Sector,Name,Market Price,Market Price,Market Price,Market Price,P/E,P/E,P/E,P/E,ROE,ROE,ROE,ROE,EPS growth,EPS growth,EPS growth,EV/EBITDA,EV/EBITDA,EV/EBITDA,EV/EBITDA,ROIC,ROIC,ROIC,ROIC,EBITDA growth,EBITDA growth,EBITDA growth,Tasas Dcto.,Tasas Dcto.,DFN/EBITDA,DFN/EBITDA
,s,Issuer_Country,,,Current,Target,Upside,Recom,Hist,LTM,2019,2020,Hist ,LTM ,2019 ,2020 ,Hist ,2019 ,2020 ,Hist  ,LTM  ,2019  ,2020  ,Hist   ,LTM   ,2019   ,2020   ,Hist    ,2019    ,2020    ,Re,WACC,LTM,2019
0,1,Chile,Communication Services,ENTEL,5275.1,9721.5,84.3,Hold,32.8,40.0,25.8,15.3,5.9,,4.4,7.0,-1.5,100.0,69.0,6.8,,6.1,5.5,4.0,,4.4,5.6,3.5,21.8,12.4,8.5,7.1,,3.0
1,0,Chile,Consumer Discretionary,ENJOY,23.6,37.2,58.1,Sell,40.0,40.0,40.0,40.0,1.3,-9.7,-4.1,-0.8,-22.8,100.0,100.0,8.7,7.8,7.4,7.1,4.7,,10.3,11.4,4.7,-8.4,14.6,11.4,8.7,5.4,5.1
2,0,Chile,Consumer Discretionary,FALABELLA,3196.0,7552.0,136.3,Hold,24.3,19.2,24.5,22.6,11.4,-105.5,18.7,13.8,3.5,-33.6,8.1,15.0,9.6,11.4,11.3,8.0,17.9,9.7,8.3,7.2,-12.8,4.7,9.0,7.2,3.0,3.9
3,0,Chile,Consumer Discretionary,FORUS,1070.0,2316.1,116.5,Sell,18.7,9.3,9.8,13.8,21.0,12.5,12.8,9.0,5.2,9.6,-28.5,6.5,7.5,5.8,5.6,38.1,4.4,10.0,10.5,9.4,17.4,9.2,7.7,7.5,-1.6,-0.5
4,0,Chile,Consumer Discretionary,HITES,199.0,686.3,244.9,Buy,11.4,11.4,7.0,5.0,10.4,5.2,7.5,9.9,9.6,29.8,39.2,7.4,8.0,6.2,5.1,7.8,4.0,4.6,5.6,7.1,46.5,13.5,9.6,7.8,5.9,4.5
5,0,Chile,Consumer Discretionary,MANQUEHUE,176.7,299.0,69.2,Hold,11.6,11.6,14.1,18.2,2.1,4.5,3.6,2.8,98.0,96.1,-22.5,,,15.5,22.2,0.5,,2.8,1.8,100.0,100.0,-31.7,8.4,6.1,,3.6
6,0,Chile,Consumer Discretionary,PAZ,814.4,1804.4,121.6,Buy,10.8,8.5,9.6,8.5,13.2,14.5,12.7,13.4,35.4,8.8,12.6,9.8,,12.9,11.7,7.3,,5.8,6.4,32.5,-0.4,13.6,8.9,6.5,,5.5
7,0,Chile,Consumer Discretionary,RIPLEY,362.5,797.7,120.1,Buy,16.4,11.2,7.1,12.3,6.0,6.5,9.1,5.2,6.2,41.7,-42.1,13.4,14.2,13.9,12.2,3.0,2.5,2.8,3.3,8.7,18.3,11.6,17.0,6.7,9.1,9.2
8,0,Chile,Consumer Discretionary,SOCOVESA,259.9,520.0,100.1,Buy,12.7,9.2,10.4,8.0,10.2,10.0,8.3,10.2,6.1,-15.8,30.5,13.6,,14.3,11.2,5.0,,4.6,5.5,7.4,22.9,25.1,8.8,6.4,,8.1
9,1,Chile,Consumer Discretionary,TRICOT,542.3,956.8,76.4,Sell,19.6,16.1,19.2,13.1,13.0,11.0,8.5,11.3,-10.6,-27.2,46.1,10.8,2.1,6.5,4.9,12.4,,9.0,11.9,-2.2,14.0,24.8,9.4,7.6,-0.2,-0.5
10,0,Chile,Consumer Staples,ANDINA,1888.5,3316.3,75.6,Buy,22.3,16.2,16.9,15.7,11.0,12.7,11.4,11.7,2.2,9.7,7.5,9.0,7.5,7.6,7.2,10.0,9.9,9.2,9.3,8.2,-2.6,5.4,11.6,8.8,2.0,1.9
11,0,Chile,Consumer Staples,BLUMAR,249.0,348.1,39.8,Hold,21.3,12.2,19.6,7.2,7.3,8.5,5.0,12.2,-48.6,-52.1,100.0,8.3,7.0,10.8,5.5,5.2,8.3,4.2,9.0,-9.8,-43.7,92.8,10.3,8.2,2.4,3.5
12,0,Chile,Consumer Staples,CAMANCHACA,44.8,88.0,96.3,Buy,30.2,14.9,7.1,7.0,0.2,3.3,6.7,6.3,21.4,21.4,2.4,14.2,5.9,4.9,4.8,1.9,6.4,8.2,8.3,28.1,7.9,7.6,10.2,8.1,1.5,1.1
13,0,Chile,Consumer Staples,CCU,7200.1,10750.9,49.3,Hold,18.3,17.7,19.9,18.4,11.1,10.8,10.3,10.5,-0.4,-56.3,8.0,9.8,5.7,8.7,8.1,12.6,18.7,9.9,10.1,9.4,-43.5,6.2,11.1,10.5,0.3,0.3
14,0,Chile,Consumer Staples,CENCOSUD,985.1,1033.5,4.9,Sell,20.6,10.5,8.8,20.2,6.9,5.7,6.3,2.7,6.0,66.9,-56.4,11.6,8.7,8.6,8.4,4.9,4.2,4.0,4.1,6.0,4.2,1.9,12.3,8.6,4.4,4.2
15,0,Chile,Consumer Staples,CONCHATORO,1306.0,1995.9,52.8,Buy,20.1,20.2,16.5,14.5,9.1,8.2,9.7,10.5,7.0,20.2,14.2,14.7,14.3,11.6,9.5,5.7,4.8,6.4,7.7,-1.8,30.3,18.8,8.7,6.9,3.4,2.4
16,0,Chile,Consumer Staples,EMBONOR,1360.0,2108.3,55.0,Buy,17.2,15.1,14.6,14.8,11.8,12.3,12.2,11.7,4.4,7.9,-1.2,8.6,7.9,7.5,7.3,9.0,9.0,9.0,8.9,4.8,4.9,2.9,9.8,8.2,1.7,1.4
17,0,Chile,Consumer Staples,HF,1463.7,2180.4,49.0,Hold,25.6,15.4,15.4,14.0,8.8,12.3,12.3,9.9,30.0,30.0,11.3,13.7,14.2,14.2,9.3,6.8,4.4,4.4,7.2,29.3,-11.2,42.6,8.1,6.6,4.7,4.7
18,0,Chile,Consumer Staples,MULTIFOODS,317.9,490.7,54.4,Buy,18.3,9.8,10.2,9.3,12.7,15.5,14.9,16.0,36.2,14.9,11.3,11.6,5.7,5.6,5.4,7.9,17.0,15.9,16.8,42.2,18.5,8.5,10.0,8.0,0.5,0.3
19,0,Chile,Consumer Staples,SALMOCAM,5124.0,7511.5,46.6,Buy,14.6,15.2,9.1,8.6,23.9,14.9,19.7,18.7,31.4,21.2,6.2,7.4,7.1,6.6,6.2,15.5,15.5,14.3,14.2,35.6,6.3,8.1,10.2,8.1,1.2,1.1
20,0,Chile,Consumer Staples,SMU,123.0,300.1,144.0,Buy,40.0,22.0,22.8,17.8,-3.9,4.6,4.4,5.4,100.0,-6.7,28.3,11.1,,7.7,6.9,0.2,,5.0,5.5,23.6,2.1,5.2,9.7,7.1,,4.0
21,0,Chile,Consumer Staples,VSPT,6.6,10.0,52.4,Buy,13.7,13.9,11.4,10.0,7.6,8.0,9.6,10.3,14.0,55.6,13.2,7.8,9.2,7.4,6.0,6.2,6.2,7.7,9.5,12.4,24.3,21.9,7.5,7.0,1.2,0.6
22,0,Chile,Consumer Staples,WATTS,966.0,1487.1,53.9,Hold,14.6,18.9,13.2,11.2,11.3,7.8,10.2,11.2,13.6,37.8,17.3,9.3,10.1,8.3,7.5,8.0,6.0,7.8,8.1,10.4,21.4,7.1,9.4,7.3,3.7,2.6
23,1,Colombia,Consumer Staples,Éxito,,14300.0,,,,,,,1.5,,0.6,0.9,-59.6,-59.6,65.4,,,,,-2.6,,-2.7,-2.8,,,,9.2,,,inf
24,0,Chile,Energy,COPEC,6353.1,7989.4,25.8,,21.4,9.6,21.5,17.6,7.3,,4.1,4.9,6.0,-50.7,23.2,11.2,,8.8,8.5,6.3,,3.2,3.7,15.3,-15.6,9.2,9.1,7.0,,3.8
25,0,Colombia,Energy,Geopark,,19.1,,Hold,,,,,50.6,,61.4,36.2,100.0,100.0,-7.6,,,,,36.7,,33.7,26.8,7.0,7.0,-1.0,9.0,7.7,,0.6
26,1,Chile,Energy,LIPIGAS,4099.0,5875.2,43.3,,15.0,40.0,8.0,7.8,27.5,,31.0,28.8,10.0,,2.3,8.7,,6.8,6.7,16.3,,16.6,15.5,12.6,100.0,4.2,7.2,5.8,,2.0
27,0,Chile,Financials,BCI,35628.0,73331.6,105.8,Buy,12.3,,,,17.8,1.4,13.9,14.5,10.0,18.3,11.0,,,,,,,,,,,,8.2,,,
28,0,Colombia,Financials,Bancolombia,,52469.5,,,,,,,10.7,6.5,11.6,11.9,7.6,27.1,11.7,,,,,0.0,,,,,,,9.2,,,
29,0,Chile,Financials,CHILE,85.9,106.4,23.9,Sell,14.1,,,,21.4,17.5,18.1,17.2,6.4,5.6,1.2,,,,,,,,,,,,8.2,,,
30,0,Chile,Financials,ITAUCORP,4.0,8.8,116.7,Buy,15.9,,,,10.5,5.0,5.2,6.2,32.2,11.2,22.6,,,,,,,,,,,,8.3,,,
31,0,Chile,Financials,SANTANDER,45.2,60.7,34.3,Buy,16.1,,,,18.1,17.4,17.1,17.6,,,,,,,,,,,,,,,8.2,,,
32,1,Chile,Financials,SECURITY,180.0,359.5,99.7,,11.5,8.4,6.5,6.2,11.2,9.8,12.6,12.3,10.0,26.6,5.1,,,,,,,,,,,,8.3,,,
33,0,Chile,Health Care,INDISA,1667.5,2930.6,75.8,Hold,19.4,18.5,17.4,15.7,19.8,16.5,,,7.0,-8.0,10.7,11.2,9.7,10.4,9.5,-3.0,,,,-5.2,-5.2,8.2,7.6,6.7,1.3,1.3
34,1,Chile,Health Care,LAS CONDES,33838.0,58138.4,71.8,Buy,30.8,38.2,40.0,29.7,6.7,4.8,,,6.6,46.2,38.2,14.3,13.1,12.4,11.4,4.2,,,,-2.4,3.9,8.5,8.2,6.6,5.4,4.9
35,0,Chile,Industrials,BESALCO,360.0,683.0,89.7,Hold,22.4,12.2,14.1,9.2,7.8,8.7,7.1,10.0,4.1,1.8,52.7,11.9,,9.7,7.7,5.4,,3.4,5.2,0.3,3.7,26.2,12.9,7.6,,5.6
36,0,Chile,Industrials,EISA,207.0,423.8,104.7,Hold,21.3,8.8,9.7,8.4,7.6,inf,10.4,11.1,82.2,19.0,15.7,16.8,,8.4,7.6,4.9,,5.8,6.8,50.8,25.3,17.1,8.9,7.9,,2.5
37,0,Chile,Industrials,INGEVEC,89.9,145.3,61.6,Buy,12.1,12.1,11.8,9.2,13.5,15.4,15.4,17.9,15.2,15.2,29.3,10.6,,12.8,11.3,8.3,,5.9,6.3,1.6,-8.8,11.1,10.8,7.1,,2.0
38,0,Chile,Industrials,LTM,8578.0,8911.0,3.9,Buy,40.0,40.0,40.0,28.2,1.9,2.2,4.0,6.4,14.8,85.5,63.9,11.5,7.8,6.7,6.5,3.5,4.6,4.2,4.3,16.0,14.3,2.2,10.1,8.2,4.7,3.8
39,0,Chile,Industrials,MOLLER,955.0,1271.3,33.1,Hold,15.3,14.9,19.2,9.5,11.5,17.8,12.8,23.0,-11.4,-12.1,100.0,24.8,,26.2,11.0,3.2,,3.9,9.1,-0.2,-0.2,100.0,8.3,6.6,,11.6
40,0,Chile,Industrials,SALFACORP,432.0,1166.8,170.1,Sell,13.4,0.0,0.0,0.0,7.0,7.1,6.9,7.7,12.0,24.2,18.9,13.6,,9.2,9.5,4.7,,2.6,2.7,0.5,23.3,7.5,10.1,7.2,,9.1
41,0,Chile,Industrials,SK,930.0,1501.0,61.4,Hold,14.7,13.5,10.0,9.1,8.0,5.2,7.0,7.2,7.9,76.7,10.9,9.3,40.0,40.0,40.0,6.9,4.8,6.3,7.1,6.8,41.5,16.8,9.8,7.5,2.9,2.2
42,0,Chile,Industrials,SMSAAM,54.8,83.5,52.3,Hold,13.0,10.9,11.3,8.9,6.9,6.5,6.0,8.6,-0.5,36.7,28.3,6.0,5.8,5.3,5.0,8.6,4.7,4.9,5.9,26.2,26.2,26.7,9.3,7.0,0.6,0.2
43,0,Chile,Industrials,VAPORES,24.5,31.4,28.2,Hold,40.0,9.8,24.3,9.8,-0.9,5.4,2.1,5.0,100.0,100.0,100.0,40.0,40.0,40.0,40.0,-0.2,-0.3,-0.0,-0.0,-76.8,100.0,-100.0,8.3,6.6,37.6,-510.1
44,1,Chile,Industrials,VENTANAS,190.2,204.6,7.6,Sell,15.1,11.9,12.8,12.8,12.0,14.2,11.6,11.3,12.6,20.4,0.6,9.8,8.3,8.4,8.2,9.3,10.0,9.3,9.5,11.0,22.0,2.5,,,2.0,1.7
45,1,Chile,Information Technology,SONDA,630.0,1564.6,148.3,Buy,26.0,24.8,19.5,11.7,11.4,,5.5,8.7,10.9,100.0,66.2,11.7,,7.2,6.1,10.8,,5.9,7.5,4.8,4.6,32.3,9.0,7.4,,1.5
46,0,Chile,Materials,CAP,4820.0,9521.3,97.5,Sell,14.2,13.7,7.6,4.3,3.9,2.0,3.4,5.8,-10.4,8.3,79.5,7.4,6.7,5.1,3.8,6.1,4.0,5.4,8.3,3.0,10.6,38.4,10.5,8.7,1.3,0.8
47,0,Chile,Materials,CINTAC,350.0,560.8,60.2,Buy,15.3,21.3,31.2,29.9,7.8,4.4,3.0,3.0,6.0,-63.1,5.3,23.9,36.8,40.0,24.0,-2.2,5.1,3.1,7.0,-17.3,-17.3,89.2,8.2,6.7,0.5,5.0
48,0,Chile,Materials,CMPC,1757.2,1696.0,-3.5,,34.8,13.2,40.0,40.0,2.4,,0.5,1.0,-29.2,-90.1,88.9,10.0,,8.4,7.9,3.8,,1.6,1.7,5.8,-33.0,7.1,7.3,6.2,,3.2
49,0,Chile,Materials,CRISTALES,4917.0,8406.9,71.0,Hold,11.7,,12.3,11.3,9.1,,7.1,7.3,5.5,-3.9,8.6,7.4,,6.7,6.3,-3.1,,6.5,6.7,2.5,2.5,8.0,7.4,6.4,,2.0
50,0,Colombia,Materials,Cemargos,,4693.1,,,40.0,,,,2.8,0.0,3.0,3.2,22.3,43.6,6.6,,,,,2.9,,4.0,4.3,11.3,5.5,4.6,8.0,7.0,10850.7,4.3
51,0,Chile,Materials,ENAEX,7489.6,10585.4,41.3,Hold,15.2,14.3,14.2,13.4,18.3,12.3,11.8,11.9,3.8,17.9,7.4,9.8,8.2,7.8,7.2,11.4,9.1,9.2,9.4,4.0,18.0,5.3,10.1,7.7,1.4,1.0
52,0,Chile,Materials,MASISA,31.3,47.8,52.9,Buy,18.0,40.0,36.5,19.2,3.0,-32.8,1.3,2.5,5.1,100.0,91.6,6.4,12.2,13.2,11.4,5.6,,2.2,2.9,-10.6,-35.8,19.3,8.8,7.9,7.1,6.8
53,1,Chile,Materials,SQM,19175.0,26067.6,36.0,Hold,24.5,18.3,17.8,17.4,19.1,16.0,16.2,15.9,1.1,-7.6,3.3,11.2,9.9,10.2,9.0,10.1,9.8,11.0,13.3,3.4,-6.8,12.2,9.9,7.5,1.4,1.4
54,0,Chile,Real Estate,CENCOSHOPP,1458.0,2432.7,66.8,Buy,,,,,16.8,,12.2,8.4,9.5,9.5,-26.4,,,,,10.4,,5.9,5.8,8.7,8.7,2.9,8.4,6.6,,2.6
55,0,Chile,Real Estate,MALLPLAZA,1410.0,2369.1,68.0,Buy,24.3,24.6,24.7,23.6,6.0,6.0,5.5,5.7,3.5,-4.8,4.6,15.2,14.8,14.1,13.4,5.0,5.4,5.3,5.5,10.7,7.4,3.0,9.1,6.4,3.5,3.1
56,0,Chile,Real Estate,PARAUCO,1668.3,2752.6,65.0,Hold,15.0,14.8,13.0,12.3,8.4,9.5,9.2,10.0,4.3,-2.0,6.2,16.7,16.0,16.4,15.9,4.9,4.9,5.0,5.2,12.0,9.2,4.9,10.4,6.5,5.0,5.2
57,1,Chile,Real Estate,ZOFRI,598.2,1294.8,116.4,Buy,12.1,8.6,8.1,8.4,27.4,32.3,31.0,28.4,9.4,4.6,-3.8,9.9,6.6,6.2,6.2,17.7,22.5,21.2,19.3,4.6,1.1,-3.4,6.8,6.8,-0.6,-0.9
58,0,Chile,Utilities,AESGENER,146.0,211.0,44.5,Sell,14.6,5.6,5.4,5.9,8.2,,10.2,9.3,4.2,13.2,-8.0,10.4,,5.5,5.3,6.0,,6.8,6.7,13.4,12.7,3.0,8.2,6.9,,3.8
59,0,Chile,Utilities,AGUAS,310.0,639.1,106.1,Hold,16.6,13.7,13.7,18.8,17.9,,18.3,12.4,2.2,1.9,-27.2,10.5,,8.6,10.2,10.5,,10.5,8.1,3.5,4.5,-15.1,7.9,6.3,,2.8
60,0,Chile,Utilities,COLBUN,116.1,139.2,19.9,Sell,30.3,10.0,10.4,12.2,3.2,,6.3,5.4,21.1,17.2,-14.5,11.8,,4.7,5.0,4.8,,6.1,5.4,10.8,14.9,-8.6,7.7,6.2,,1.0
61,0,Chile,Utilities,ENELAM,146.3,190.1,29.9,Buy,14.9,10.5,11.8,11.4,7.5,,9.7,9.4,-0.6,-15.4,4.8,5.7,,4.7,4.6,-2.6,,11.3,11.1,20.4,25.2,3.2,12.0,10.1,,1.8
62,0,Chile,Utilities,ENELGXCH,305.0,510.2,67.3,Hold,13.8,6.2,6.0,7.5,13.0,,19.4,15.0,-8.4,34.1,-19.1,9.0,,5.1,4.9,10.6,,12.1,12.4,-1.0,7.6,2.5,8.1,6.5,,1.1
63,1,Chile,Utilities,ENGIE (EX ECL),982.0,1717.1,74.8,Hold,16.4,12.1,7.4,5.7,5.0,,7.8,9.3,13.2,94.3,32.6,8.5,,4.4,3.6,4.9,,7.0,7.6,3.6,49.8,3.5,8.4,7.3,,1.7
